0	557.99	736.72	103.85	47.64	68.29	49.83
557.99	0	179.25	581.28	595.42	491.41	512.46
736.72	179.25	0	759.97	774.57	669.76	691.55
103.85	581.28	759.97	0	75.86	142.36	102.81
47.64	595.42	774.57	75.86	0	112.67	83.28
68.29	491.41	669.76	142.36	112.67	0	39.61
49.83	512.46	691.55	102.81	83.28	39.61	0
